{
 "cells": [
  {
   "cell_type": "code",
   "execution_count": 1,
   "metadata": {
    "scrolled": true
   },
   "outputs": [
    {
     "name": "stdout",
     "output_type": "stream",
     "text": [
      "Tensorflow version 1.6.0\n"
     ]
    }
   ],
   "source": [
    "import tensorflow as tf\n",
    "print(\"Tensorflow version\", tf.__version__)"
   ]
  },
  {
   "cell_type": "code",
   "execution_count": 2,
   "metadata": {},
   "outputs": [],
   "source": [
    "import numpy as np"
   ]
  },
  {
   "cell_type": "code",
   "execution_count": 3,
   "metadata": {},
   "outputs": [],
   "source": [
    "import matplotlib.pyplot as plt"
   ]
  },
  {
   "cell_type": "code",
   "execution_count": 9,
   "metadata": {},
   "outputs": [],
   "source": [
    "def cnn_lstm_model(features, labels, mode):\n",
    "    # Input layer\n",
    "    input_layer = tf.reshape(features[\"x\"], [-1, 28, 28, 1])\n",
    "    \n",
    "    # Convolutional Layer #1\n",
    "    conv1 = tf.layers.conv2d(\n",
    "        inputs=input_layer,\n",
    "        filters=32,\n",
    "        kernel_size=[5, 5],\n",
    "        padding=\"same\",\n",
    "        activation=tf.nn.relu\n",
    "    )\n",
    "    \n",
    "    # Pooling Layer #1\n",
    "    pool1 = tf.layers.max_pooling2d(\n",
    "        inputs=conv1,\n",
    "        pool_size=[2, 2],\n",
    "        strides=2\n",
    "    )\n",
    "    \n",
    "    # Convolutional Layer #2\n",
    "    conv2 = tf.layers.conv2d(\n",
    "        inputs=pool1,\n",
    "        filters=64,\n",
    "        kernel_size=[5, 5],\n",
    "        padding=\"same\",\n",
    "        activation=tf.nn.relu\n",
    "    )\n",
    "    \n",
    "    # Pooling Layer #2\n",
    "    pool2 = tf.layers.max_pooling2d(\n",
    "        inputs=conv2,\n",
    "        pool_size=[2, 2],\n",
    "        strides=2\n",
    "    )\n",
    "    \n",
    "    # Convolutionnal Layer #3 to shrink Y axis to size 1\n",
    "    conv3 = tf.layers.conv2d(\n",
    "        inputs=pool2,\n",
    "        filters=128,\n",
    "        kernel_size=[1, 7],\n",
    "        padding=\"valid\",\n",
    "        activation=tf.nn.relu\n",
    "    )\n",
    "    \n",
    "    # Squeeze Y axis\n",
    "    conv3_squeezed = tf.squeeze(conv3)\n",
    "\n",
    "    # LSTM Layer\n",
    "    lstm_input = conv3_squeezed\n",
    "    lstm_cell = tf.nn.rnn_cell.LSTMCell(256, state_is_tuple=True)\n",
    "    lstm_outputs, lstm_state = tf.nn.dynamic_rnn(lstm_cell, lstm_input, dtype=tf.float32)\n",
    "    lstm1 = lstm_state.h\n",
    "    \n",
    "    # Fully connected\n",
    "    dense = tf.layers.dense(inputs=lstm1, units=500, activation=tf.nn.relu)\n",
    "    dropout = tf.layers.dropout(inputs=dense, rate=0.4, training=mode == tf.estimator.ModeKeys.TRAIN)\n",
    "    \n",
    "    # Logits\n",
    "    logits = tf.layers.dense(inputs=dropout, units=10)\n",
    "    \n",
    "    # Predictions\n",
    "    predictions = {\n",
    "        # Generate predictions (for PREDICT and EVAL mode)\n",
    "        \"classes\": tf.argmax(input=logits, axis=1),\n",
    "        # Add `softmax_tensor` to the graph. It is used for PREDICT and by the\n",
    "        # `logging_hook`.\n",
    "        \"probabilities\": tf.nn.softmax(logits, name=\"softmax_tensor\")\n",
    "    }\n",
    "    \n",
    "    if mode == tf.estimator.ModeKeys.PREDICT:\n",
    "        return tf.estimator.EstimatorSpec(mode=mode, predictions=predictions)\n",
    "\n",
    "    # Calculate Loss (for both TRAIN and EVAL modes)\n",
    "    loss = tf.losses.sparse_softmax_cross_entropy(labels=labels, logits=logits)\n",
    "\n",
    "    # Configure the Training Op (for TRAIN mode)\n",
    "    if mode == tf.estimator.ModeKeys.TRAIN:\n",
    "        optimizer = tf.train.GradientDescentOptimizer(learning_rate=0.05)\n",
    "        train_op = optimizer.minimize(loss=loss, global_step=tf.train.get_global_step())\n",
    "        return tf.estimator.EstimatorSpec(mode=mode, loss=loss, train_op=train_op)\n",
    "\n",
    "    # Add evaluation metrics (for EVAL mode)\n",
    "    eval_metric_ops = { \"accuracy\": tf.metrics.accuracy(labels=labels, predictions=predictions[\"classes\"]) }\n",
    "    return tf.estimator.EstimatorSpec(mode=mode, loss=loss, eval_metric_ops=eval_metric_ops)"
   ]
  },
  {
   "cell_type": "code",
   "execution_count": 10,
   "metadata": {
    "scrolled": false
   },
   "outputs": [
    {
     "name": "stdout",
     "output_type": "stream",
     "text": [
      "Extracting MNIST-data/train-images-idx3-ubyte.gz\n",
      "Extracting MNIST-data/train-labels-idx1-ubyte.gz\n",
      "Extracting MNIST-data/t10k-images-idx3-ubyte.gz\n",
      "Extracting MNIST-data/t10k-labels-idx1-ubyte.gz\n"
     ]
    }
   ],
   "source": [
    "# Load training and eval data\n",
    "mnist = tf.contrib.learn.datasets.load_dataset(\"mnist\")\n",
    "train_data = mnist.train.images # Returns np.array\n",
    "train_labels = np.asarray(mnist.train.labels, dtype=np.int32)\n",
    "eval_data = mnist.test.images # Returns np.array\n",
    "eval_labels = np.asarray(mnist.test.labels, dtype=np.int32)"
   ]
  },
  {
   "cell_type": "code",
   "execution_count": 11,
   "metadata": {},
   "outputs": [
    {
     "name": "stdout",
     "output_type": "stream",
     "text": [
      "INFO:tensorflow:Using default config.\n",
      "INFO:tensorflow:Using config: {'_model_dir': '/tmp/mnist_cnn_lstm_model', '_tf_random_seed': None, '_save_summary_steps': 100, '_save_checkpoints_steps': None, '_save_checkpoints_secs': 600, '_session_config': None, '_keep_checkpoint_max': 5, '_keep_checkpoint_every_n_hours': 10000, '_log_step_count_steps': 100, '_service': None, '_cluster_spec': <tensorflow.python.training.server_lib.ClusterSpec object at 0x7f9fc5a3fba8>, '_task_type': 'worker', '_task_id': 0, '_global_id_in_cluster': 0, '_master': '', '_evaluation_master': '', '_is_chief': True, '_num_ps_replicas': 0, '_num_worker_replicas': 1}\n"
     ]
    }
   ],
   "source": [
    "# Creating Estimator\n",
    "mnist_classifier = tf.estimator.Estimator(model_fn=cnn_lstm_model, model_dir=\"/tmp/mnist_cnn_lstm_model\")"
   ]
  },
  {
   "cell_type": "code",
   "execution_count": 12,
   "metadata": {},
   "outputs": [],
   "source": [
    "# Logging\n",
    "logging_hook = tf.train.LoggingTensorHook(tensors={\"probabilities\": \"softmax_tensor\"}, every_n_iter=1000)"
   ]
  },
  {
   "cell_type": "code",
   "execution_count": 13,
   "metadata": {
    "scrolled": true
   },
   "outputs": [
    {
     "name": "stdout",
     "output_type": "stream",
     "text": [
      "INFO:tensorflow:Calling model_fn.\n",
      "INFO:tensorflow:Done calling model_fn.\n",
      "INFO:tensorflow:Create CheckpointSaverHook.\n",
      "INFO:tensorflow:Graph was finalized.\n",
      "INFO:tensorflow:Running local_init_op.\n",
      "INFO:tensorflow:Done running local_init_op.\n",
      "INFO:tensorflow:Saving checkpoints for 1 into /tmp/mnist_cnn_lstm_model/model.ckpt.\n",
      "INFO:tensorflow:probabilities = [[0.10114493 0.1005638  0.0995631  0.10112219 0.10082104 0.09998313\n",
      "  0.09943858 0.09775923 0.10079513 0.09880891]\n",
      " [0.09988782 0.09961054 0.09972957 0.10060175 0.10106754 0.09912646\n",
      "  0.10153967 0.09696423 0.101016   0.10045645]\n",
      " [0.0996571  0.09940007 0.10025741 0.10014533 0.10145752 0.1004082\n",
      "  0.10032212 0.09824052 0.09956422 0.10054747]\n",
      " [0.09960882 0.10096332 0.0994474  0.10073671 0.1015017  0.09966242\n",
      "  0.10025642 0.09711184 0.10087264 0.09983873]\n",
      " [0.0995009  0.10001466 0.09952343 0.10042772 0.10136357 0.09946063\n",
      "  0.10114735 0.09841826 0.10080307 0.09934041]\n",
      " [0.09991834 0.10074084 0.10006473 0.10024989 0.10130183 0.10001855\n",
      "  0.10023569 0.09806734 0.1011478  0.09825489]\n",
      " [0.09949869 0.09854747 0.10069025 0.09949681 0.10006641 0.10079589\n",
      "  0.10068372 0.09960896 0.10082481 0.09978702]\n",
      " [0.10010685 0.09911163 0.09981018 0.10005767 0.10243669 0.09966391\n",
      "  0.09944376 0.09965959 0.10018804 0.09952173]\n",
      " [0.0997554  0.10057593 0.09913159 0.09927419 0.10018972 0.10013032\n",
      "  0.10021619 0.099404   0.10128518 0.10003745]\n",
      " [0.09842601 0.09963018 0.10056599 0.09982695 0.10248725 0.09968224\n",
      "  0.09923987 0.09850122 0.10127112 0.1003691 ]\n",
      " [0.09991361 0.09935323 0.10074894 0.09972098 0.10037079 0.09986978\n",
      "  0.10032301 0.09932239 0.10078765 0.0995896 ]\n",
      " [0.09962095 0.09924557 0.09916835 0.10069581 0.10064647 0.09994008\n",
      "  0.1007739  0.09884672 0.101202   0.09986012]\n",
      " [0.09946404 0.10002398 0.09955443 0.10028093 0.10084774 0.09960897\n",
      "  0.10016778 0.09899983 0.10076351 0.1002888 ]\n",
      " [0.10050388 0.09931239 0.10107761 0.09837501 0.10160564 0.09948983\n",
      "  0.10116786 0.0983635  0.10039567 0.09970861]\n",
      " [0.10022452 0.09875375 0.10016257 0.09985966 0.10241399 0.0990169\n",
      "  0.10056431 0.09857494 0.10066941 0.09975992]\n",
      " [0.09890179 0.09997127 0.09905782 0.10088802 0.10007899 0.10068627\n",
      "  0.10106198 0.09816795 0.10100989 0.10017598]\n",
      " [0.0986558  0.10053451 0.09919121 0.10029096 0.10051965 0.09938382\n",
      "  0.10043869 0.09830501 0.10275001 0.09993035]\n",
      " [0.10004879 0.09955096 0.10002092 0.10016859 0.10022401 0.09924887\n",
      "  0.10127809 0.09789526 0.10138501 0.10017948]\n",
      " [0.10028675 0.09933327 0.09926406 0.10122498 0.10047583 0.09987161\n",
      "  0.10094615 0.0991465  0.10072236 0.09872847]\n",
      " [0.09955854 0.09817112 0.10033242 0.09991944 0.10157654 0.09992159\n",
      "  0.10031649 0.0994729  0.09982157 0.10090945]\n",
      " [0.09906428 0.09991127 0.1006774  0.0992433  0.10126565 0.10017027\n",
      "  0.0998987  0.09929799 0.10049413 0.09997699]\n",
      " [0.09943432 0.09885145 0.09917743 0.10070127 0.10071623 0.09976111\n",
      "  0.10035026 0.09907921 0.10162816 0.10030051]\n",
      " [0.10048476 0.09928179 0.0992329  0.1002152  0.1008833  0.09986177\n",
      "  0.09963074 0.09918378 0.10145324 0.09977252]\n",
      " [0.09992812 0.10016306 0.10037275 0.09998901 0.10041811 0.09975714\n",
      "  0.09956467 0.09803974 0.10147385 0.10029347]\n",
      " [0.10072279 0.09910929 0.09964421 0.09939755 0.10055915 0.10095824\n",
      "  0.10046539 0.09811781 0.10137807 0.09964751]\n",
      " [0.09952765 0.09937775 0.10009795 0.09982627 0.10197723 0.10023847\n",
      "  0.09992167 0.09821375 0.10097887 0.09984038]\n",
      " [0.09907259 0.09981158 0.09972443 0.10119548 0.10029063 0.09975962\n",
      "  0.10013313 0.09846839 0.10211152 0.09943271]\n",
      " [0.09960079 0.09940974 0.09984092 0.10096275 0.10004405 0.09874832\n",
      "  0.10093678 0.09961356 0.10063735 0.10020573]\n",
      " [0.10159321 0.09791683 0.09836305 0.09912151 0.10219729 0.09947447\n",
      "  0.1016652  0.09831186 0.10145304 0.09990352]\n",
      " [0.09973653 0.09849017 0.09962194 0.10083439 0.1010181  0.10058394\n",
      "  0.10132023 0.09733345 0.10108684 0.09997448]\n",
      " [0.09985396 0.09831133 0.10053764 0.09951068 0.10106021 0.10067835\n",
      "  0.10119774 0.09762155 0.10176942 0.09945908]\n",
      " [0.10075179 0.09956443 0.1006685  0.10120162 0.09963346 0.09930739\n",
      "  0.10031206 0.09813197 0.10044264 0.09998616]\n",
      " [0.09974562 0.09941403 0.10061812 0.09967639 0.09990978 0.10028674\n",
      "  0.09964694 0.09957074 0.10042629 0.10070539]\n",
      " [0.10022572 0.09883888 0.09882994 0.10051409 0.10151497 0.09968359\n",
      "  0.09997252 0.09927555 0.10170758 0.0994372 ]\n",
      " [0.09955458 0.09986547 0.09914096 0.09983816 0.10171717 0.0997553\n",
      "  0.10038812 0.09801091 0.10166801 0.1000613 ]\n",
      " [0.09838946 0.09789895 0.10019307 0.10082781 0.10185849 0.10056534\n",
      "  0.10017969 0.09879778 0.10067319 0.10061621]\n",
      " [0.10090519 0.09966943 0.09827723 0.1005979  0.09997188 0.10003877\n",
      "  0.10008248 0.09932287 0.10128015 0.0998541 ]\n",
      " [0.10022091 0.0977829  0.10043455 0.09994318 0.10061903 0.09963699\n",
      "  0.10124335 0.09929534 0.10130346 0.09952036]\n",
      " [0.100063   0.09951025 0.10046597 0.10021798 0.10079932 0.09979986\n",
      "  0.09985618 0.09930916 0.10030948 0.09966882]\n",
      " [0.09976247 0.10064645 0.09947892 0.10036195 0.09989468 0.09992831\n",
      "  0.1003322  0.09841421 0.10161473 0.09956616]\n",
      " [0.09896098 0.10065933 0.10083085 0.10010139 0.10097218 0.09949385\n",
      "  0.10048003 0.09868025 0.10134251 0.09847863]\n",
      " [0.09994768 0.10031419 0.09961837 0.10017954 0.10240694 0.09896001\n",
      "  0.09920166 0.09799778 0.10229311 0.09908067]\n",
      " [0.09969249 0.09960026 0.09974983 0.1000091  0.09977682 0.10007218\n",
      "  0.09981354 0.09993239 0.10119761 0.1001558 ]\n",
      " [0.1002275  0.09959007 0.10029496 0.09960515 0.10064858 0.09941223\n",
      "  0.10078087 0.09888482 0.10084215 0.09971369]\n",
      " [0.09950661 0.10038609 0.09905208 0.10053109 0.10123701 0.10117892\n",
      "  0.09959842 0.09766212 0.10124413 0.09960352]\n",
      " [0.09926508 0.10053086 0.09841521 0.10057564 0.10171079 0.10055339\n",
      "  0.10033762 0.09701842 0.10139265 0.10020025]\n",
      " [0.09952863 0.10068791 0.1003449  0.09997509 0.10088754 0.09895313\n",
      "  0.09999219 0.09848364 0.10157    0.09957688]\n",
      " [0.09998671 0.09993346 0.09979783 0.10013024 0.10118245 0.09928975\n",
      "  0.10112741 0.09716171 0.10141938 0.09997111]\n",
      " [0.09965041 0.09996982 0.10131267 0.09895044 0.10097806 0.0996324\n",
      "  0.09977645 0.09960179 0.09971375 0.10041424]\n",
      " [0.1000138  0.09874278 0.09984875 0.10147177 0.10146366 0.10000844\n",
      "  0.10060864 0.09677133 0.10120297 0.09986785]\n",
      " [0.09941073 0.10008568 0.09972689 0.09997742 0.10020332 0.10035852\n",
      "  0.10248235 0.09790317 0.10082921 0.09902271]\n",
      " [0.09889656 0.1001453  0.09986112 0.10108805 0.10039727 0.10015518\n",
      "  0.10098971 0.09855657 0.10029653 0.09961371]\n",
      " [0.0992239  0.10000429 0.10000169 0.10090643 0.10132518 0.10006865\n",
      "  0.10046999 0.09749641 0.10040497 0.10009853]\n",
      " [0.10059134 0.09875147 0.09916791 0.1003869  0.1005955  0.10080352\n",
      "  0.09925276 0.09940502 0.10074547 0.1003001 ]\n",
      " [0.10084677 0.0997216  0.10060766 0.10011656 0.09987351 0.09963907\n",
      "  0.10008001 0.09872304 0.10091458 0.09947716]\n",
      " [0.09935539 0.10007188 0.10002394 0.10010549 0.10070891 0.09948253\n",
      "  0.1000285  0.09932138 0.10088739 0.10001455]\n",
      " [0.09966832 0.10020392 0.09941429 0.09997433 0.10155705 0.10023189\n",
      "  0.10063267 0.09850376 0.10045952 0.09935421]\n",
      " [0.10069416 0.09996628 0.09913195 0.09953644 0.10046896 0.10020503\n",
      "  0.10046192 0.09778711 0.10234903 0.0993991 ]\n",
      " [0.10069656 0.09830482 0.09943541 0.10145623 0.09994538 0.09916084\n",
      "  0.10206206 0.09816598 0.10153858 0.09923415]\n",
      " [0.09958822 0.09945831 0.09944308 0.10010904 0.10061461 0.10012674\n",
      "  0.09950753 0.09886269 0.10159256 0.10069723]\n",
      " [0.10042211 0.09930183 0.09913416 0.09981967 0.1007122  0.10065715\n",
      "  0.09940806 0.09920958 0.10201408 0.09932117]\n",
      " [0.09974904 0.09892123 0.09994504 0.09923497 0.10124152 0.10018667\n",
      "  0.10017768 0.09969991 0.10143652 0.09940744]\n",
      " [0.09843737 0.09990322 0.10111229 0.10154372 0.1001626  0.09949876\n",
      "  0.09951907 0.0987937  0.10087188 0.10015734]\n",
      " [0.09945335 0.09916267 0.10015623 0.10042955 0.10092564 0.09954961\n",
      "  0.10037853 0.09979349 0.09999277 0.10015813]\n",
      " [0.10106523 0.09914256 0.09868389 0.10118408 0.10189565 0.09884489\n",
      "  0.10044241 0.09822785 0.10032853 0.10018494]\n",
      " [0.09943821 0.09955776 0.09949826 0.09996361 0.10049035 0.1003776\n",
      "  0.10023879 0.09918094 0.10148218 0.0997723 ]\n",
      " [0.09948284 0.10034347 0.10053271 0.10071664 0.10097478 0.0996314\n",
      "  0.10017464 0.09818245 0.10064323 0.09931779]\n",
      " [0.09886358 0.09935937 0.10032213 0.09997868 0.10141665 0.10025329\n",
      "  0.09967673 0.09881516 0.10117437 0.10014006]\n",
      " [0.09996994 0.09948964 0.0995869  0.1002329  0.10108426 0.09914302\n",
      "  0.09998365 0.0985506  0.10152131 0.10043786]\n",
      " [0.09990427 0.09987628 0.09910616 0.10078207 0.10050229 0.10056973\n",
      "  0.09969601 0.09901249 0.10169592 0.09885477]\n",
      " [0.09876525 0.10003834 0.09959818 0.10080323 0.10053055 0.09950678\n",
      "  0.09985324 0.09968418 0.10066058 0.10055964]\n",
      " [0.09964249 0.09926059 0.09885173 0.10041318 0.10144918 0.09922231\n",
      "  0.10021325 0.09852651 0.10177741 0.10064335]\n",
      " [0.10002472 0.09950603 0.10023744 0.10137001 0.09996802 0.10049563\n",
      "  0.09976047 0.09862346 0.10065772 0.09935647]\n",
      " [0.09996009 0.09984887 0.09993362 0.10022248 0.10154781 0.09993277\n",
      "  0.10053569 0.0975442  0.10046045 0.10001396]\n",
      " [0.09859874 0.0993734  0.09998891 0.10166482 0.10037134 0.10038324\n",
      "  0.10079549 0.09867028 0.09962916 0.10052459]\n",
      " [0.09920168 0.09860647 0.09949426 0.10126595 0.10220379 0.09939528\n",
      "  0.10035149 0.09836446 0.10118798 0.09992864]\n",
      " [0.09916434 0.09894667 0.09965036 0.09967414 0.10193409 0.09983036\n",
      "  0.10080189 0.09854348 0.10060101 0.10085372]\n",
      " [0.0993876  0.098563   0.10040668 0.1005644  0.1014649  0.0998552\n",
      "  0.10003132 0.0992396  0.10094674 0.09954059]\n",
      " [0.09946231 0.09991947 0.09887107 0.10079693 0.10104621 0.09980006\n",
      "  0.09978091 0.09903075 0.10185853 0.09943381]\n",
      " [0.10045283 0.09891966 0.10021132 0.09964408 0.10083199 0.10041067\n",
      "  0.10115857 0.09804756 0.10026595 0.10005736]\n",
      " [0.09929334 0.09968831 0.09995519 0.10015617 0.10172334 0.10013804\n",
      "  0.0999926  0.09848921 0.10110079 0.09946302]\n",
      " [0.0993551  0.09906287 0.09903889 0.10129993 0.10113475 0.09920939\n",
      "  0.10052337 0.0995424  0.10083234 0.10000095]\n",
      " [0.09940322 0.09997061 0.09922158 0.10061643 0.10114182 0.10058249\n",
      "  0.09996714 0.0979561  0.10202423 0.09911643]\n",
      " [0.09942607 0.09971006 0.09865787 0.09994671 0.10188894 0.0999862\n",
      "  0.10044371 0.09860178 0.10068429 0.10065432]\n",
      " [0.09774458 0.10104521 0.09948704 0.10110482 0.10028536 0.09938441\n",
      "  0.10071267 0.09883724 0.10109928 0.1002994 ]\n",
      " [0.10019524 0.09858769 0.10048897 0.10059144 0.10020279 0.0999203\n",
      "  0.10067566 0.0997472  0.10062804 0.09896273]\n",
      " [0.09966186 0.09980441 0.09981477 0.10012297 0.10177454 0.09937008\n",
      "  0.10019353 0.0986083  0.10119019 0.09945934]\n",
      " [0.09839822 0.09892477 0.10001585 0.10084251 0.09993286 0.09997576\n",
      "  0.10091849 0.09927259 0.10161684 0.1001021 ]\n",
      " [0.10076667 0.0975652  0.09945413 0.100144   0.10023843 0.10070243\n",
      "  0.1007963  0.0987234  0.10128729 0.10032214]\n",
      " [0.09966169 0.09900172 0.09971784 0.09947827 0.10049234 0.10043151\n",
      "  0.10023822 0.09897248 0.10102931 0.10097656]\n",
      " [0.09776181 0.09792735 0.10104611 0.10137156 0.10137291 0.09990136\n",
      "  0.1003127  0.09871851 0.10051355 0.10107416]\n",
      " [0.09955832 0.09973413 0.09941337 0.09971616 0.10075943 0.09966569\n",
      "  0.10019733 0.09871557 0.10225546 0.0999845 ]\n",
      " [0.09946074 0.09974962 0.10047052 0.10014087 0.10065766 0.09993204\n",
      "  0.10041483 0.09815595 0.10050607 0.10051174]\n",
      " [0.09913006 0.09988807 0.09928785 0.10039756 0.1008153  0.10049791\n",
      "  0.10092309 0.09808733 0.10085043 0.10012243]\n",
      " [0.099501   0.09962977 0.09961545 0.10001864 0.1011005  0.10149085\n",
      "  0.09979077 0.09817451 0.1010673  0.0996112 ]\n",
      " [0.10059505 0.10045879 0.10015398 0.099144   0.10006747 0.10020494\n",
      "  0.10068601 0.09785193 0.10080189 0.10003591]\n",
      " [0.09946423 0.09913448 0.10086785 0.09970991 0.10100174 0.10039112\n",
      "  0.10029127 0.09838247 0.10150343 0.0992535 ]\n",
      " [0.10035693 0.09936225 0.09930241 0.09973913 0.10033119 0.09996887\n",
      "  0.10038769 0.09915535 0.10184394 0.09955227]\n",
      " [0.09989284 0.09928    0.09955727 0.10177372 0.10033428 0.09963698\n",
      "  0.10054184 0.09805436 0.10141268 0.09951602]\n",
      " [0.09996501 0.09997869 0.10035668 0.09944994 0.10064273 0.09979232\n",
      "  0.10005096 0.09901401 0.10042121 0.10032852]]\n"
     ]
    },
    {
     "name": "stdout",
     "output_type": "stream",
     "text": [
      "INFO:tensorflow:loss = 2.3022711, step = 1\n",
      "INFO:tensorflow:global_step/sec: 43.6405\n",
      "INFO:tensorflow:loss = 2.2897005, step = 101 (2.278 sec)\n",
      "INFO:tensorflow:global_step/sec: 54.7307\n",
      "INFO:tensorflow:loss = 2.2059577, step = 201 (1.830 sec)\n",
      "INFO:tensorflow:global_step/sec: 52.6893\n",
      "INFO:tensorflow:loss = 1.6699423, step = 301 (1.898 sec)\n",
      "INFO:tensorflow:global_step/sec: 51.4662\n",
      "INFO:tensorflow:loss = 1.4955771, step = 401 (1.944 sec)\n",
      "INFO:tensorflow:global_step/sec: 48.6393\n",
      "INFO:tensorflow:loss = 1.0159934, step = 501 (2.058 sec)\n",
      "INFO:tensorflow:global_step/sec: 48.5495\n",
      "INFO:tensorflow:loss = 0.48560736, step = 601 (2.059 sec)\n",
      "INFO:tensorflow:global_step/sec: 49.4159\n",
      "INFO:tensorflow:loss = 0.6376366, step = 701 (2.023 sec)\n",
      "INFO:tensorflow:global_step/sec: 49.011\n",
      "INFO:tensorflow:loss = 0.6240351, step = 801 (2.040 sec)\n",
      "INFO:tensorflow:global_step/sec: 47.2331\n",
      "INFO:tensorflow:loss = 0.39580497, step = 901 (2.117 sec)\n",
      "INFO:tensorflow:global_step/sec: 48.7497\n",
      "INFO:tensorflow:probabilities = [[0.00004222 0.0253884  0.9304593  0.03352345 0.00001308 0.00262964\n",
      "  0.00023363 0.00095585 0.00673761 0.00001682]\n",
      " [0.00000083 0.0000473  0.0000309  0.00031759 0.00038707 0.00001308\n",
      "  0.00000032 0.99193186 0.00006255 0.00720854]\n",
      " [0.00000882 0.00009183 0.9516091  0.04704635 0.00000022 0.00011295\n",
      "  0.00000104 0.00017842 0.00094013 0.00001121]\n",
      " [0.00096304 0.00025908 0.9406292  0.0508531  0.00003245 0.00182776\n",
      "  0.00020911 0.00018139 0.00484828 0.00019661]\n",
      " [0.00016437 0.0006885  0.9727166  0.00322018 0.00002498 0.00582513\n",
      "  0.00091495 0.00004307 0.01639196 0.00001028]\n",
      " [0.00010467 0.00027626 0.00045074 0.00520226 0.00004478 0.96974283\n",
      "  0.00011885 0.00016351 0.0236291  0.00026696]\n",
      " [0.00097668 0.00058837 0.00199956 0.08322659 0.00009591 0.83491516\n",
      "  0.00015161 0.00034231 0.07609756 0.00160627]\n",
      " [0.00152933 0.00002402 0.00012587 0.00725123 0.0000434  0.00094249\n",
      "  0.00001966 0.00000517 0.9899492  0.00010958]\n",
      " [0.00000561 0.99232167 0.0016908  0.00026467 0.00005272 0.00125067\n",
      "  0.00014375 0.00008194 0.00417633 0.00001188]\n",
      " [0.00001797 0.00007334 0.99406415 0.00376346 0.00000127 0.00006851\n",
      "  0.00001477 0.00003231 0.00196094 0.00000325]\n",
      " [0.68649536 0.0001703  0.0199891  0.00282386 0.00182694 0.05519918\n",
      "  0.09990995 0.00074826 0.12970835 0.00312874]\n",
      " [0.0000526  0.00008373 0.00020069 0.01674877 0.00005616 0.00519542\n",
      "  0.00002015 0.00002525 0.9768984  0.00071889]\n",
      " [0.00024221 0.00180992 0.78540695 0.18075776 0.00055315 0.00144246\n",
      "  0.00028327 0.00267488 0.02311296 0.00371644]\n",
      " [0.00026491 0.00000476 0.00040727 0.00001319 0.918279   0.0000504\n",
      "  0.00000677 0.01656839 0.00637555 0.05802993]\n",
      " [0.00094728 0.00091838 0.00443042 0.0038622  0.48627344 0.0027394\n",
      "  0.00034775 0.17935507 0.00354493 0.31758106]\n",
      " [0.61348295 0.00076159 0.0063913  0.02945824 0.00263312 0.13679817\n",
      "  0.00141346 0.00455261 0.18909824 0.01541027]\n",
      " [0.00019018 0.0000167  0.00001124 0.00005041 0.90384614 0.00017885\n",
      "  0.00000552 0.00400785 0.00014802 0.09154511]\n",
      " [0.00004461 0.00125755 0.00273689 0.9581035  0.00003458 0.01251756\n",
      "  0.00000922 0.0008331  0.02338854 0.00107444]\n",
      " [0.00061915 0.00035372 0.00655692 0.02808825 0.00008345 0.00531527\n",
      "  0.00012536 0.00020192 0.957912   0.00074397]\n",
      " [0.00000946 0.00029782 0.00133405 0.9272642  0.00001711 0.01465559\n",
      "  0.00000971 0.00150271 0.05116628 0.00374299]\n",
      " [0.00042941 0.81228983 0.00718319 0.0026692  0.00162837 0.00989179\n",
      "  0.00122406 0.02734543 0.13602756 0.00131109]\n",
      " [0.00000192 0.00029809 0.00013161 0.01206573 0.00040673 0.00024341\n",
      "  0.00000083 0.8709613  0.00020276 0.11568762]\n",
      " [0.42121238 0.00039661 0.2627346  0.08814491 0.00022743 0.00411025\n",
      "  0.00046605 0.00258761 0.21676971 0.00335042]\n",
      " [0.00004396 0.00555458 0.00061221 0.00723968 0.0030225  0.00142375\n",
      "  0.00001577 0.93164974 0.00315203 0.04728575]\n",
      " [0.00463589 0.01277949 0.21661387 0.00170322 0.00017998 0.01371991\n",
      "  0.73521024 0.00004399 0.01509127 0.00002202]\n",
      " [0.0000145  0.00001795 0.00048397 0.01226991 0.00065544 0.00150985\n",
      "  0.00000402 0.02040749 0.00139735 0.9632396 ]\n",
      " [0.00027545 0.00007466 0.0001975  0.00126813 0.00032621 0.990448\n",
      "  0.00053526 0.00018709 0.00566353 0.00102425]\n",
      " [0.00321192 0.00321995 0.00053353 0.01376074 0.53399    0.03027839\n",
      "  0.00811427 0.01106501 0.053665   0.34216118]\n",
      " [0.00002707 0.00069404 0.9187047  0.07814483 0.0000017  0.00018641\n",
      "  0.00004283 0.00145708 0.00068202 0.00005942]\n",
      " [0.00021048 0.00004955 0.00003594 0.00133707 0.00002653 0.9124242\n",
      "  0.00044754 0.00002243 0.0851808  0.00026544]\n",
      " [0.7486354  0.00025816 0.0076241  0.03757069 0.00040809 0.0231177\n",
      "  0.00155186 0.00151933 0.16920826 0.01010634]\n",
      " [0.00054832 0.00001395 0.0001004  0.00636945 0.00002142 0.0058903\n",
      "  0.00001506 0.0000168  0.98647076 0.00055349]\n",
      " [0.03896643 0.0017083  0.50911206 0.01080622 0.00084144 0.01686745\n",
      "  0.36032286 0.000139   0.06106438 0.00017188]\n",
      " [0.00007909 0.00015642 0.00012561 0.00069425 0.7512235  0.0001429\n",
      "  0.00001803 0.01717553 0.00031471 0.2300699 ]\n",
      " [0.00012085 0.455069   0.01615108 0.3077566  0.00563097 0.15179214\n",
      "  0.00503005 0.01742793 0.03426398 0.00675734]\n",
      " [0.00000962 0.00009566 0.00097158 0.9811013  0.00000867 0.00893176\n",
      "  0.00000307 0.0002942  0.00608731 0.00249697]\n",
      " [0.00006294 0.00126866 0.00118366 0.9577998  0.00008046 0.00710234\n",
      "  0.00000422 0.00380756 0.00421478 0.02447561]\n",
      " [0.00012657 0.94132316 0.00772996 0.00944831 0.00239916 0.0152447\n",
      "  0.00201112 0.00196775 0.01908351 0.00066575]\n",
      " [0.000709   0.00110809 0.05307471 0.91455394 0.0000785  0.00676975\n",
      "  0.00005294 0.00775637 0.01203438 0.00386226]\n",
      " [0.00006433 0.98923886 0.00080273 0.00096905 0.00039896 0.00231115\n",
      "  0.00034777 0.0022233  0.00344883 0.00019496]\n",
      " [0.00104006 0.21486416 0.02010148 0.02450587 0.01022992 0.01309263\n",
      "  0.00061906 0.57277226 0.10601786 0.03675674]\n",
      " [0.00281152 0.6668209  0.19674368 0.05511162 0.00200886 0.01527195\n",
      "  0.00684768 0.02044604 0.03348461 0.00045316]\n",
      " [0.9372763  0.00014652 0.00971668 0.00095195 0.00257322 0.01204799\n",
      "  0.00147885 0.00144802 0.03341352 0.00094696]\n",
      " [0.00000569 0.00095228 0.00005995 0.00171008 0.00213915 0.00100814\n",
      "  0.00000249 0.9162965  0.00036526 0.07746042]\n",
      " [0.0000425  0.01388062 0.3302973  0.54415625 0.00007994 0.01115576\n",
      "  0.00054667 0.00539638 0.09427222 0.00017239]\n",
      " [0.00115996 0.00041856 0.0153146  0.07170735 0.00047627 0.8435109\n",
      "  0.00064119 0.0018739  0.06251363 0.00238373]\n",
      " [0.00010399 0.00017204 0.87388515 0.1135723  0.00000845 0.00123273\n",
      "  0.00001521 0.00088022 0.00931538 0.00081453]\n",
      " [0.00006099 0.00001868 0.00052771 0.00380851 0.00002479 0.9867704\n",
      "  0.00002029 0.00002956 0.00825618 0.00048284]\n",
      " [0.14023557 0.00210082 0.05497866 0.14449643 0.00266356 0.13779671\n",
      "  0.03624576 0.00223041 0.4282244  0.05102761]\n",
      " [0.00014697 0.00003345 0.00244513 0.07898788 0.00001577 0.0003791\n",
      "  0.00005121 0.00001955 0.9178183  0.00010263]\n",
      " [0.0518826  0.00025152 0.08863654 0.30001742 0.0001786  0.01182998\n",
      "  0.00597248 0.00020718 0.54032737 0.00069629]\n",
      " [0.000074   0.00234889 0.00122025 0.03040907 0.01471949 0.00674075\n",
      "  0.00000896 0.06933115 0.07826963 0.7968778 ]\n",
      " [0.00004742 0.00103598 0.00073353 0.00864544 0.01144511 0.00014825\n",
      "  0.00001319 0.6544201  0.00100375 0.32250723]\n",
      " [0.00000693 0.00028424 0.00120865 0.0575464  0.00021075 0.00009845\n",
      "  0.0000024  0.8328521  0.00039605 0.10739411]\n",
      " [0.00048187 0.00050871 0.00519322 0.01271866 0.00008544 0.9442914\n",
      "  0.00322255 0.00006506 0.03340263 0.00003053]\n",
      " [0.00026317 0.00076352 0.00088474 0.00784799 0.04483249 0.01866614\n",
      "  0.00010675 0.1068735  0.02960841 0.7901532 ]\n",
      " [0.00001769 0.00012686 0.0001216  0.00148355 0.02124421 0.00128837\n",
      "  0.0000045  0.04541551 0.00193653 0.92836124]\n",
      " [0.00065783 0.00008892 0.02689467 0.94236106 0.00008419 0.00456494\n",
      "  0.0000307  0.00231676 0.00889286 0.0141081 ]\n",
      " [0.00783157 0.01257342 0.01473313 0.01819708 0.00132081 0.05025361\n",
      "  0.14810292 0.0000239  0.7469156  0.00004797]\n",
      " [0.00383186 0.00001209 0.00023083 0.0113196  0.00024952 0.00297992\n",
      "  0.00005726 0.00004852 0.97810704 0.00316334]\n",
      " [0.00009608 0.01437008 0.01310047 0.8779291  0.00034891 0.0402645\n",
      "  0.00021956 0.02022278 0.02572644 0.00772211]\n",
      " [0.00084026 0.00002004 0.00030488 0.00201719 0.00003558 0.00410364\n",
      "  0.0000078  0.00005966 0.99172103 0.00088997]\n",
      " [0.0017418  0.00000703 0.00002411 0.00000315 0.99483347 0.00008264\n",
      "  0.00022185 0.00161912 0.00042882 0.0010381 ]\n",
      " [0.0000011  0.00001569 0.00001966 0.00011972 0.00021514 0.0000059\n",
      "  0.0000005  0.9945365  0.00000627 0.00507968]\n",
      " [0.00000529 0.00031316 0.00160361 0.98982435 0.00000436 0.00211914\n",
      "  0.00000315 0.0001594  0.00571278 0.00025481]\n",
      " [0.00062028 0.00001321 0.0005215  0.00001011 0.00022481 0.0001999\n",
      "  0.99830484 0.00000114 0.00010355 0.00000064]\n",
      " [0.0000825  0.00042595 0.00173851 0.08018105 0.00000723 0.8775373\n",
      "  0.00009772 0.0001512  0.0393455  0.00043308]\n",
      " [0.00008696 0.00000938 0.00008907 0.00053167 0.00001255 0.00529802\n",
      "  0.00026608 0.00000242 0.99368    0.00002378]\n",
      " [0.00321728 0.00003642 0.00004463 0.00014898 0.8509146  0.00086964\n",
      "  0.00014777 0.0028811  0.00673223 0.13500729]\n",
      " [0.00000111 0.00001511 0.0000739  0.00071353 0.00014592 0.00000863\n",
      "  0.00000021 0.91702396 0.00008823 0.08192933]\n",
      " [0.00060357 0.9175187  0.01930614 0.02197194 0.00072314 0.00392826\n",
      "  0.00158714 0.00991422 0.02413327 0.00031364]\n",
      " [0.00467194 0.00247165 0.00333884 0.02307936 0.3463296  0.02856299\n",
      "  0.00092871 0.02967811 0.1806579  0.38028085]\n",
      " [0.00000805 0.00000581 0.00001084 0.00073294 0.00756995 0.00016188\n",
      "  0.00000252 0.00782156 0.012475   0.9712115 ]\n",
      " [0.00006384 0.00047748 0.00389299 0.01910725 0.00005001 0.7924492\n",
      "  0.0001638  0.00024459 0.18337084 0.00018008]\n",
      " [0.00000084 0.00003036 0.000075   0.00034587 0.00011365 0.0000184\n",
      "  0.00000031 0.972249   0.00015076 0.02701573]\n",
      " [0.0000075  0.00005125 0.99727964 0.00185939 0.00000006 0.00004999\n",
      "  0.00001742 0.00001304 0.00072011 0.00000168]\n",
      " [0.00000574 0.00006334 0.00002095 0.00171128 0.00205237 0.00005617\n",
      "  0.00000095 0.16752724 0.00030379 0.8282581 ]\n",
      " [0.00001201 0.00024328 0.0036154  0.01354504 0.00028677 0.00007263\n",
      "  0.00000123 0.95380986 0.00077998 0.02763373]\n",
      " [0.00106909 0.00032211 0.62743366 0.28524646 0.00002181 0.00068292\n",
      "  0.00051172 0.00001266 0.08462939 0.0000701 ]\n",
      " [0.00551249 0.00047886 0.00513529 0.00193628 0.00103074 0.01019389\n",
      "  0.93696374 0.00010361 0.03850825 0.00013683]\n",
      " [0.00001622 0.00024402 0.00014742 0.02175077 0.00027238 0.9573807\n",
      "  0.00001747 0.00269224 0.00754627 0.00993248]\n",
      " [0.0043013  0.00115062 0.00380963 0.00043954 0.00327363 0.03610926\n",
      "  0.9414002  0.00020774 0.00917678 0.0001314 ]\n",
      " [0.00001642 0.0000303  0.9641773  0.03436998 0.00000055 0.00004791\n",
      "  0.00000749 0.00000933 0.00133371 0.00000703]\n",
      " [0.7197815  0.00079686 0.025006   0.04831121 0.00036271 0.0018846\n",
      "  0.00012099 0.04902231 0.09422933 0.06048444]\n",
      " [0.00111468 0.00005278 0.00209449 0.00795506 0.00018282 0.04659354\n",
      "  0.00017804 0.0000202  0.94072074 0.00108764]\n",
      " [0.00002631 0.0000211  0.9995159  0.00022373 0.00000653 0.00002139\n",
      "  0.00001042 0.00005386 0.00011704 0.00000364]\n",
      " [0.00001759 0.00011024 0.00008133 0.00241821 0.01835684 0.00012051\n",
      "  0.00000137 0.03328017 0.00355618 0.94205755]\n",
      " [0.17421138 0.00362995 0.4976321  0.2210083  0.00164069 0.02788267\n",
      "  0.00969692 0.01964363 0.03925595 0.0053984 ]\n",
      " [0.0000477  0.00000251 0.00003987 0.00084216 0.00001269 0.9963289\n",
      "  0.00005334 0.00005746 0.00221759 0.00039778]\n",
      " [0.00098369 0.00485955 0.00148076 0.00022974 0.00152428 0.016855\n",
      "  0.9566913  0.0000111  0.01733934 0.00002526]\n",
      " [0.00071894 0.00023972 0.00217611 0.00467577 0.00014443 0.96976525\n",
      "  0.00203923 0.00012997 0.01966049 0.00045018]\n",
      " [0.00140951 0.00023573 0.00434298 0.00026458 0.00053802 0.00463169\n",
      "  0.9727101  0.00000924 0.01585056 0.00000755]\n",
      " [0.0002062  0.00028024 0.00005589 0.00036054 0.54864526 0.00046747\n",
      "  0.00003924 0.23839131 0.00050481 0.21104908]\n",
      " [0.00046243 0.00274764 0.38196838 0.5897366  0.00018197 0.01013022\n",
      "  0.00016377 0.00547086 0.00479488 0.00434335]\n",
      " [0.00003149 0.00003831 0.0000576  0.00118568 0.00145616 0.0000675\n",
      "  0.00000034 0.00865802 0.00669452 0.98181045]\n",
      " [0.98789984 0.00000873 0.00418662 0.0003635  0.00003413 0.00100212\n",
      "  0.00092935 0.00015282 0.00529681 0.00012608]\n",
      " [0.00018227 0.00005807 0.9229216  0.07230656 0.00000448 0.00076444\n",
      "  0.00001793 0.00150903 0.00144372 0.00079182]\n",
      " [0.00106988 0.00110069 0.01558361 0.7861619  0.00023377 0.11629514\n",
      "  0.00024496 0.00999396 0.02054047 0.04877553]\n",
      " [0.00000623 0.9962715  0.00036763 0.00143858 0.00003371 0.00011739\n",
      "  0.00005174 0.00026459 0.00141154 0.00003721]\n",
      " [0.00000853 0.00356257 0.00040976 0.03292499 0.0016485  0.00020448\n",
      "  0.00000147 0.64036644 0.00662172 0.31425154]] (20.311 sec)\n"
     ]
    },
    {
     "name": "stdout",
     "output_type": "stream",
     "text": [
      "INFO:tensorflow:loss = 0.5110937, step = 1001 (2.089 sec)\n",
      "INFO:tensorflow:global_step/sec: 43.7091\n",
      "INFO:tensorflow:loss = 0.19732237, step = 1101 (2.250 sec)\n",
      "INFO:tensorflow:global_step/sec: 51.771\n",
      "INFO:tensorflow:loss = 0.2321011, step = 1201 (1.932 sec)\n",
      "INFO:tensorflow:global_step/sec: 51.9411\n",
      "INFO:tensorflow:loss = 0.19900058, step = 1301 (1.925 sec)\n",
      "INFO:tensorflow:global_step/sec: 51.6043\n",
      "INFO:tensorflow:loss = 0.1575113, step = 1401 (1.938 sec)\n",
      "INFO:tensorflow:global_step/sec: 48.2421\n",
      "INFO:tensorflow:loss = 0.13698123, step = 1501 (2.073 sec)\n",
      "INFO:tensorflow:global_step/sec: 48.7263\n",
      "INFO:tensorflow:loss = 0.11114948, step = 1601 (2.052 sec)\n",
      "INFO:tensorflow:global_step/sec: 51.2033\n",
      "INFO:tensorflow:loss = 0.07628069, step = 1701 (1.953 sec)\n",
      "INFO:tensorflow:global_step/sec: 52.4163\n",
      "INFO:tensorflow:loss = 0.085577235, step = 1801 (1.908 sec)\n",
      "INFO:tensorflow:global_step/sec: 51.75\n",
      "INFO:tensorflow:loss = 0.07801047, step = 1901 (1.932 sec)\n",
      "INFO:tensorflow:global_step/sec: 50.1163\n",
      "INFO:tensorflow:probabilities = [[0.0013157  0.00005452 0.00004262 0.00002194 0.00000164 0.00007461\n",
      "  0.00001676 0.00001112 0.99842155 0.00003949]\n",
      " [0.00000915 0.00001963 0.00001706 0.00015677 0.00000191 0.9925115\n",
      "  0.00618183 0.00000074 0.0011001  0.00000146]\n",
      " [0.00118449 0.96128815 0.01075188 0.0027404  0.0001108  0.00029075\n",
      "  0.00154708 0.00041104 0.02165718 0.00001831]\n",
      " [0.00000905 0.99916387 0.00001795 0.00000132 0.00033957 0.00007826\n",
      "  0.0001318  0.00019978 0.00004011 0.00001824]\n",
      " [0.00000117 0.9996458  0.00003193 0.00000777 0.0000285  0.00002425\n",
      "  0.00001933 0.00000215 0.00023695 0.00000214]\n",
      " [0.00009098 0.00009026 0.00009857 0.00058868 0.00104938 0.00000839\n",
      "  0.0000016  0.00779751 0.00076791 0.98950666]\n",
      " [0.00001995 0.00010137 0.00020666 0.00323234 0.00001961 0.9931411\n",
      "  0.00012697 0.00051381 0.00118004 0.00145821]\n",
      " [0.00000053 0.00003867 0.99964285 0.00024065 0.00000101 0.00000308\n",
      "  0.00000039 0.00004369 0.00002784 0.00000135]\n",
      " [0.993401   0.00003724 0.0006702  0.00003136 0.00010425 0.0000264\n",
      "  0.00068408 0.00001939 0.00494514 0.0000809 ]\n",
      " [0.00001917 0.00000237 0.00000292 0.00000647 0.00183136 0.00000729\n",
      "  0.00000063 0.00086781 0.00002261 0.99723935]\n",
      " [0.00000305 0.00009114 0.00012187 0.98580265 0.00000314 0.00106897\n",
      "  0.00000081 0.0001264  0.0054846  0.00729723]\n",
      " [0.04562439 0.00001874 0.00021806 0.00002748 0.0002264  0.00098204\n",
      "  0.84574187 0.00001767 0.1071021  0.00004135]\n",
      " [0.00090444 0.02153393 0.05668718 0.84902513 0.00560379 0.00391326\n",
      "  0.00058194 0.03681101 0.01345041 0.011489  ]\n",
      " [0.00000158 0.00003642 0.00007256 0.9982266  0.00000092 0.00021032\n",
      "  0.00000011 0.00011401 0.0000375  0.00130005]\n",
      " [0.99519074 0.00003614 0.00062574 0.00031663 0.0003862  0.0002392\n",
      "  0.00068142 0.00017826 0.0007007  0.00164491]\n",
      " [0.9372932  0.00003897 0.00057951 0.00028924 0.00156959 0.00056962\n",
      "  0.00807846 0.00007431 0.05019367 0.00131349]\n",
      " [0.00000385 0.00063386 0.00020928 0.00065464 0.00005139 0.00000563\n",
      "  0.00000029 0.99696594 0.00000803 0.00146714]\n",
      " [0.00003373 0.00083845 0.93664336 0.05585677 0.00000408 0.00307526\n",
      "  0.00000722 0.00288126 0.00035537 0.00030448]\n",
      " [0.996326   0.00000171 0.00068172 0.000058   0.00012368 0.00011213\n",
      "  0.00051481 0.00001762 0.00158349 0.00058089]\n",
      " [0.00001191 0.00013729 0.99804246 0.00120558 0.00000594 0.00002803\n",
      "  0.00000212 0.00017462 0.00038078 0.0000113 ]\n",
      " [0.00000064 0.00001243 0.00050438 0.00001529 0.00002808 0.00000309\n",
      "  0.00000002 0.99369603 0.00000772 0.00573241]\n",
