{
 "cells": [
  {
   "cell_type": "code",
   "execution_count": 1,
   "metadata": {},
   "outputs": [],
   "source": [
    "import tensorflow as tf"
   ]
  },
  {
   "cell_type": "code",
   "execution_count": 2,
   "metadata": {},
   "outputs": [],
   "source": [
    "import numpy as np"
   ]
  },
  {
   "cell_type": "code",
   "execution_count": 8,
   "metadata": {},
   "outputs": [],
   "source": [
    "def cnn_model_fn(features, labels, mode):\n",
    "    \"\"\"Model function for CNN.\"\"\"\n",
    "    # Input Layer\n",
    "    input_layer = tf.reshape(features[\"x\"], [-1, 28, 28, 1])\n",
    "    \n",
    "    # Convolutional Layer #1\n",
    "    conv1 = tf.layers.conv2d(\n",
    "        inputs=input_layer,\n",
    "        filters=32,\n",
    "        kernel_size=[5, 5],\n",
    "        padding=\"same\",\n",
    "        activation=tf.nn.relu)\n",
    "\n",
    "    # Pooling Layer #1\n",
    "    pool1 = tf.layers.max_pooling2d(inputs=conv1, pool_size=[2, 2], strides=2)\n",
    "\n",
    "    # Convolutional Layer #2 and Pooling Layer #2\n",
    "    conv2 = tf.layers.conv2d(\n",
    "        inputs=pool1,\n",
    "        filters=64,\n",
    "        kernel_size=[5, 5],\n",
    "        padding=\"same\",\n",
    "        activation=tf.nn.relu)\n",
    "    pool2 = tf.layers.max_pooling2d(inputs=conv2, pool_size=[2, 2], strides=2)\n",
    "\n",
    "    # Dense Layer\n",
    "    pool2_flat = tf.reshape(pool2, [-1, 7 * 7 * 64])\n",
    "    dense = tf.layers.dense(inputs=pool2_flat, units=1024, activation=tf.nn.relu)\n",
    "    dropout = tf.layers.dropout(inputs=dense, rate=0.4, training=mode == tf.estimator.ModeKeys.TRAIN)\n",
    "\n",
    "    # Logits Layer\n",
    "    logits = tf.layers.dense(inputs=dropout, units=10)\n",
    "\n",
    "    predictions = {\n",
    "        # Generate predictions (for PREDICT and EVAL mode)\n",
    "        \"classes\": tf.argmax(input=logits, axis=1),\n",
    "        # Add `softmax_tensor` to the graph. It is used for PREDICT and by the\n",
    "        # `logging_hook`.\n",
    "        \"probabilities\": tf.nn.softmax(logits, name=\"softmax_tensor\")\n",
    "    }\n",
    "\n",
    "    if mode == tf.estimator.ModeKeys.PREDICT:\n",
    "        return tf.estimator.EstimatorSpec(mode=mode, predictions=predictions)\n",
    "\n",
    "    # Calculate Loss (for both TRAIN and EVAL modes)\n",
    "    loss = tf.losses.sparse_softmax_cross_entropy(labels=labels, logits=logits)\n",
    "\n",
    "    # Configure the Training Op (for TRAIN mode)\n",
    "    if mode == tf.estimator.ModeKeys.TRAIN:\n",
    "        optimizer = tf.train.GradientDescentOptimizer(learning_rate=0.001)\n",
    "        train_op = optimizer.minimize(loss=loss, global_step=tf.train.get_global_step())\n",
    "        return tf.estimator.EstimatorSpec(mode=mode, loss=loss, train_op=train_op)\n",
    "\n",
    "    # Add evaluation metrics (for EVAL mode)\n",
    "    eval_metric_ops = { \"accuracy\": tf.metrics.accuracy(labels=labels, predictions=predictions[\"classes\"]) }\n",
    "    return tf.estimator.EstimatorSpec(mode=mode, loss=loss, eval_metric_ops=eval_metric_ops)"
   ]
  },
  {
   "cell_type": "code",
   "execution_count": 4,
   "metadata": {},
   "outputs": [
    {
     "name": "stdout",
     "output_type": "stream",
     "text": [
      "Extracting MNIST-data/train-images-idx3-ubyte.gz\n",
      "Extracting MNIST-data/train-labels-idx1-ubyte.gz\n",
      "Extracting MNIST-data/t10k-images-idx3-ubyte.gz\n",
      "Extracting MNIST-data/t10k-labels-idx1-ubyte.gz\n"
     ]
    }
   ],
   "source": [
    "# Load training and eval data\n",
    "mnist = tf.contrib.learn.datasets.load_dataset(\"mnist\")\n",
    "train_data = mnist.train.images # Returns np.array\n",
    "train_labels = np.asarray(mnist.train.labels, dtype=np.int32)\n",
    "eval_data = mnist.test.images # Returns np.array\n",
    "eval_labels = np.asarray(mnist.test.labels, dtype=np.int32)"
   ]
  },
  {
   "cell_type": "code",
   "execution_count": 9,
   "metadata": {},
   "outputs": [
    {
     "name": "stdout",
     "output_type": "stream",
     "text": [
      "INFO:tensorflow:Using default config.\n",
      "INFO:tensorflow:Using config: {'_model_dir': '/tmp/mnist_convnet_model', '_tf_random_seed': None, '_save_summary_steps': 100, '_save_checkpoints_steps': None, '_save_checkpoints_secs': 600, '_session_config': None, '_keep_checkpoint_max': 5, '_keep_checkpoint_every_n_hours': 10000, '_log_step_count_steps': 100, '_service': None, '_cluster_spec': <tensorflow.python.training.server_lib.ClusterSpec object at 0x7fc5c1c410f0>, '_task_type': 'worker', '_task_id': 0, '_global_id_in_cluster': 0, '_master': '', '_evaluation_master': '', '_is_chief': True, '_num_ps_replicas': 0, '_num_worker_replicas': 1}\n"
     ]
    }
   ],
   "source": [
    "mnist_classifier = tf.estimator.Estimator(model_fn=cnn_model_fn, model_dir=\"/tmp/mnist_convnet_model\")"
   ]
  },
  {
   "cell_type": "code",
   "execution_count": 6,
   "metadata": {},
   "outputs": [],
   "source": [
    "tensors_to_log = {\"probabilities\": \"softmax_tensor\"}\n",
    "logging_hook = tf.train.LoggingTensorHook(tensors=tensors_to_log, every_n_iter=50)"
   ]
  },
  {
   "cell_type": "code",
   "execution_count": 10,
   "metadata": {
    "scrolled": true
   },
   "outputs": [
    {
     "name": "stdout",
     "output_type": "stream",
     "text": [
      "INFO:tensorflow:Calling model_fn.\n",
      "Tensor(\"strided_slice:0\", shape=(), dtype=int32)\n",
      "INFO:tensorflow:Done calling model_fn.\n",
      "INFO:tensorflow:Create CheckpointSaverHook.\n",
      "INFO:tensorflow:Graph was finalized.\n",
      "INFO:tensorflow:Restoring parameters from /tmp/mnist_convnet_model/model.ckpt-1\n",
      "INFO:tensorflow:Running local_init_op.\n",
      "INFO:tensorflow:Done running local_init_op.\n",
      "INFO:tensorflow:Saving checkpoints for 2 into /tmp/mnist_convnet_model/model.ckpt.\n",
      "INFO:tensorflow:probabilities = [[0.09660675 0.09569006 0.10687497 0.10159525 0.09333061 0.09744369\n",
      "  0.09895156 0.10421658 0.10372987 0.10156067]\n",
      " [0.099609   0.10686946 0.0955205  0.10445505 0.10633792 0.10070583\n",
      "  0.09860536 0.09040209 0.10207797 0.09541681]\n",
      " [0.11175021 0.08968595 0.09979179 0.09946194 0.1029023  0.1100158\n",
      "  0.08586155 0.10402983 0.10121627 0.09528439]\n",
      " [0.09606198 0.10194147 0.09761177 0.10528671 0.0982826  0.09676836\n",
      "  0.09960251 0.10278952 0.103978   0.09767704]\n",
      " [0.09946147 0.10010791 0.09614763 0.09845769 0.09768738 0.09551174\n",
      "  0.09594782 0.10862755 0.10945497 0.09859575]\n",
      " [0.10471654 0.09126405 0.10200715 0.09917399 0.10226384 0.10763478\n",
      "  0.09264623 0.10164823 0.10017613 0.09846902]\n",
      " [0.10348634 0.09423322 0.1029269  0.10137896 0.09328101 0.10171225\n",
      "  0.10142783 0.10202063 0.10374837 0.09578445]\n",
      " [0.09954619 0.09332833 0.10379359 0.10413799 0.09696851 0.09641056\n",
      "  0.10759167 0.09272996 0.10691084 0.09858233]\n",
      " [0.09618029 0.111228   0.10176908 0.09426923 0.10391644 0.09550782\n",
      "  0.09706458 0.09532293 0.10860854 0.09613305]\n",
      " [0.10809141 0.09208704 0.10591912 0.10457222 0.09734363 0.09899276\n",
      "  0.09401909 0.09463143 0.10553495 0.09880834]\n",
      " [0.10297579 0.09451622 0.09645001 0.10434712 0.10220644 0.09779298\n",
      "  0.10320701 0.10435019 0.10043628 0.09371801]\n",
      " [0.1070454  0.10399387 0.10767673 0.09805036 0.10139666 0.09479052\n",
      "  0.08798843 0.09663826 0.11346823 0.08895151]\n",
      " [0.10771928 0.10372967 0.09772111 0.10489385 0.1015131  0.10493439\n",
      "  0.09572148 0.09363046 0.09226252 0.09787408]\n",
      " [0.10008188 0.10265937 0.11170415 0.09961659 0.09338601 0.09557027\n",
      "  0.098184   0.09492894 0.10783482 0.09603406]\n",
      " [0.09868281 0.09789531 0.09716781 0.10247076 0.09352894 0.10270092\n",
      "  0.10391074 0.10061231 0.10678864 0.09624176]\n",
      " [0.10116127 0.09601168 0.09832954 0.10954116 0.10052453 0.09233265\n",
      "  0.09998512 0.09054185 0.10177229 0.1098    ]\n",
      " [0.10024437 0.09633382 0.10930111 0.09949974 0.09749159 0.09517208\n",
      "  0.09400433 0.10206464 0.10795528 0.09793305]\n",
      " [0.10235125 0.10253828 0.10014937 0.10080905 0.09723382 0.10484342\n",
      "  0.09277394 0.10141264 0.09959773 0.09829049]\n",
      " [0.09887929 0.0999578  0.09787231 0.10068686 0.08765747 0.10655683\n",
      "  0.1122965  0.10231026 0.10284735 0.09093538]\n",
      " [0.10633478 0.09017496 0.09932525 0.10408255 0.08755711 0.10480726\n",
      "  0.0945436  0.10612576 0.1084979  0.09855086]\n",
      " [0.10441279 0.10214477 0.10233841 0.10301163 0.09440063 0.09938327\n",
      "  0.09640899 0.09464241 0.10627522 0.09698188]\n",
      " [0.10103587 0.10238717 0.10091974 0.10042326 0.09642601 0.1014622\n",
      "  0.10053631 0.10129882 0.10541707 0.0900936 ]\n",
      " [0.1105447  0.09730922 0.10100846 0.09055122 0.10750449 0.1060295\n",
      "  0.09553169 0.09397177 0.10915726 0.08839169]\n",
      " [0.10542632 0.09519638 0.11207443 0.10340385 0.0905184  0.1058924\n",
      "  0.0912079  0.09886615 0.10956745 0.08784671]\n",
      " [0.1105258  0.09254608 0.10090448 0.09733025 0.10654374 0.10266774\n",
      "  0.0953631  0.09968687 0.10401228 0.09041973]\n",
      " [0.10148993 0.0989849  0.10439547 0.10121596 0.10836204 0.09721202\n",
      "  0.0894741  0.09665456 0.10063034 0.10158072]\n",
      " [0.09602684 0.10407002 0.10350094 0.10449582 0.09322096 0.09691483\n",
      "  0.10299298 0.09129637 0.10575617 0.10172505]\n",
      " [0.10753011 0.0912119  0.10552753 0.10092255 0.10188707 0.10259627\n",
      "  0.08862819 0.09790651 0.10313654 0.10065337]\n",
      " [0.10978794 0.09407999 0.10017525 0.09089118 0.09788362 0.10725116\n",
      "  0.09106487 0.09271887 0.1126769  0.10347018]\n",
      " [0.10272864 0.0961034  0.1043082  0.10790838 0.09240294 0.102821\n",
      "  0.09615961 0.09837718 0.10469314 0.09449747]\n",
      " [0.09887658 0.09831956 0.10640555 0.10275207 0.1071674  0.09859387\n",
      "  0.09530123 0.09524047 0.10245982 0.09488343]\n",
      " [0.10029908 0.09148449 0.10457612 0.10952894 0.08895477 0.09606413\n",
      "  0.09635827 0.10321476 0.10968909 0.09983031]\n",
      " [0.09897728 0.08870719 0.11045666 0.09961143 0.09718075 0.09799313\n",
      "  0.0915896  0.10286043 0.11753561 0.09508798]\n",
      " [0.10624769 0.09780164 0.10601197 0.09805167 0.09883145 0.09317877\n",
      "  0.09813011 0.09591715 0.10436878 0.10146075]\n",
      " [0.10249465 0.09550644 0.10451467 0.1017573  0.09459611 0.08939685\n",
      "  0.09528342 0.10536322 0.10942835 0.10165907]\n",
      " [0.10789918 0.09171405 0.10971534 0.09583703 0.10908476 0.09431042\n",
      "  0.09582935 0.1005834  0.0955485  0.099478  ]\n",
      " [0.10790742 0.09292633 0.10542253 0.09664089 0.0979992  0.10185982\n",
      "  0.09016959 0.09914801 0.10993558 0.09799064]\n",
      " [0.10062921 0.10278079 0.11132597 0.0971211  0.09589992 0.10579656\n",
      "  0.1030845  0.10092385 0.09035105 0.09208709]\n",
      " [0.10360141 0.10207861 0.11471671 0.09398967 0.10097176 0.10375363\n",
      "  0.09559444 0.0874023  0.10012969 0.09776173]\n",
      " [0.11138282 0.09331673 0.10822046 0.09190235 0.09387162 0.10551668\n",
      "  0.09431299 0.1025262  0.1035179  0.09543221]\n",
      " [0.10302979 0.09046187 0.1103515  0.10335092 0.09869394 0.10520798\n",
      "  0.09344735 0.09949013 0.09833102 0.09763556]\n",
      " [0.09842204 0.0988095  0.11196142 0.10793055 0.09365637 0.09003895\n",
      "  0.09871417 0.10099255 0.10151393 0.09796052]\n",
      " [0.10434096 0.10424135 0.09861466 0.10480969 0.09027703 0.10521212\n",
      "  0.11035671 0.09304877 0.09846104 0.09063772]\n",
      " [0.09653427 0.10548647 0.0998848  0.0954683  0.10158518 0.09849124\n",
      "  0.0984098  0.09256683 0.10533945 0.10623363]\n",
      " [0.10776065 0.0887999  0.1000213  0.10551846 0.09584542 0.10604969\n",
      "  0.08785706 0.10462897 0.10648532 0.09703328]\n",
      " [0.10503118 0.09501894 0.10704248 0.09845264 0.08858171 0.10114999\n",
      "  0.10377339 0.09774812 0.10346616 0.09973537]\n",
      " [0.10154017 0.09290992 0.10938023 0.10534048 0.09811163 0.09766171\n",
      "  0.09816729 0.10292154 0.0994438  0.09452315]\n",
      " [0.10104904 0.09228527 0.10568494 0.100351   0.09831221 0.10096382\n",
      "  0.09662187 0.10469481 0.10637963 0.09365737]\n",
      " [0.10722493 0.09655395 0.10302949 0.09800067 0.09640014 0.10829176\n",
      "  0.09263575 0.09860497 0.10308269 0.09617565]\n",
      " [0.10399097 0.09492252 0.11682965 0.09488943 0.10097089 0.09521145\n",
      "  0.09193839 0.10305785 0.09874072 0.09944809]\n",
      " [0.10010464 0.09470112 0.10984197 0.1027426  0.09297527 0.10371402\n",
      "  0.09357232 0.09934982 0.09798357 0.10501467]\n",
      " [0.10401937 0.10129429 0.10645039 0.10906468 0.09219407 0.09892983\n",
      "  0.09364416 0.09542133 0.10071278 0.0982691 ]\n",
      " [0.10440932 0.09457389 0.10162703 0.10688469 0.09068841 0.10143928\n",
      "  0.09581077 0.09935917 0.10660952 0.09859799]\n",
      " [0.1064694  0.09898639 0.09888579 0.09998871 0.1008772  0.10417781\n",
      "  0.09938885 0.0940313  0.10130494 0.09588957]\n",
      " [0.09831901 0.10187814 0.10736622 0.09892936 0.09996451 0.09975135\n",
      "  0.08938741 0.10889999 0.09793451 0.09756953]\n",
      " [0.1037818  0.10203526 0.10544471 0.09674141 0.09485399 0.09721478\n",
      "  0.08920947 0.10382745 0.10645039 0.10044073]\n",
      " [0.09877072 0.09785639 0.10543952 0.10048814 0.09526803 0.10415408\n",
      "  0.0917742  0.10656107 0.10297792 0.09670994]\n",
      " [0.09466882 0.09394187 0.10184257 0.09822352 0.10074881 0.10873885\n",
      "  0.09896432 0.10710888 0.10264377 0.09311868]\n",
      " [0.09874247 0.1066421  0.09800041 0.10430618 0.10259633 0.09972329\n",
      "  0.08972226 0.09898712 0.10489099 0.09638886]\n",
      " [0.11045279 0.09989307 0.09875866 0.09990405 0.09465306 0.10515998\n",
      "  0.09396297 0.09757449 0.1104617  0.08917926]\n",
      " [0.1023325  0.10457543 0.10300732 0.09386339 0.10283229 0.10192065\n",
      "  0.09130424 0.10237448 0.10393877 0.09385096]\n",
      " [0.10371117 0.09699675 0.10328709 0.09805343 0.09744082 0.10330243\n",
      "  0.10265742 0.10098477 0.09596924 0.09759687]\n",
      " [0.09782648 0.09913376 0.10120153 0.10133053 0.10566222 0.10891156\n",
      "  0.09235214 0.0936986  0.09648614 0.1033971 ]\n",
      " [0.10481477 0.09664038 0.10862733 0.10161983 0.09971785 0.09570811\n",
      "  0.10139226 0.09642769 0.09478367 0.10026808]\n",
      " [0.10349839 0.10262576 0.10257784 0.10546628 0.09307571 0.09336979\n",
      "  0.09734807 0.10333836 0.10014156 0.09855832]\n",
      " [0.10049138 0.09906542 0.10420952 0.10464758 0.09841108 0.09123777\n",
      "  0.08825891 0.10390302 0.11393207 0.09584327]\n",
      " [0.0983214  0.0966918  0.11067954 0.09895659 0.10147962 0.09674457\n",
      "  0.088128   0.10291696 0.11634528 0.08973623]\n",
      " [0.09737252 0.09867349 0.10671126 0.10594962 0.0959665  0.0958221\n",
      "  0.08952632 0.10852607 0.09620896 0.10524315]\n",
      " [0.09241278 0.10033256 0.10475234 0.09932363 0.09474082 0.11628956\n",
      "  0.09136548 0.0946153  0.11146504 0.0947025 ]\n",
      " [0.11038616 0.09574592 0.09744916 0.10181101 0.09163024 0.09415438\n",
      "  0.09085498 0.10214211 0.1210454  0.09478066]\n",
      " [0.08627196 0.10594176 0.10748912 0.11185821 0.09418742 0.09769486\n",
      "  0.09059752 0.10021401 0.10602373 0.09972145]\n",
      " [0.09924807 0.09680472 0.10431027 0.10415708 0.09465648 0.09763826\n",
      "  0.09890996 0.09650666 0.11023077 0.0975377 ]\n",
      " [0.10142285 0.09490092 0.11363935 0.101119   0.09808937 0.09218466\n",
      "  0.09281889 0.10301308 0.10198372 0.1008281 ]\n",
      " [0.11040366 0.09091742 0.1022295  0.10178588 0.09342256 0.09361327\n",
      "  0.09738203 0.10314324 0.10760897 0.09949353]\n",
      " [0.10050242 0.09702344 0.10360857 0.09815483 0.09343424 0.10016002\n",
      "  0.0943536  0.09880467 0.11593761 0.09802064]\n",
      " [0.10042664 0.10348114 0.10844149 0.10413368 0.09487255 0.09231278\n",
      "  0.09986449 0.09692457 0.10414671 0.09539602]\n",
      " [0.10874743 0.0976774  0.10113911 0.10016385 0.09218753 0.10237557\n",
      "  0.09510651 0.10246722 0.10250702 0.09762834]\n",
      " [0.10570874 0.09259304 0.09545325 0.10826655 0.09344556 0.10414358\n",
      "  0.09966215 0.10163292 0.10495139 0.09414278]\n",
      " [0.09640155 0.10986584 0.10446067 0.10355467 0.09805553 0.09161105\n",
      "  0.09653716 0.10166445 0.1033752  0.09447391]\n",
      " [0.11056522 0.09074843 0.09946838 0.10244152 0.09723471 0.11017571\n",
      "  0.09543575 0.09988344 0.09797525 0.09607156]\n",
      " [0.10407096 0.10128551 0.10843527 0.0999471  0.09348028 0.10014488\n",
      "  0.09537744 0.09419131 0.10466471 0.0984025 ]\n",
      " [0.10347813 0.09178102 0.11244387 0.09792028 0.10912464 0.09453011\n",
      "  0.09002688 0.10176502 0.10147931 0.09745072]\n",
      " [0.11105939 0.09400309 0.10385924 0.09855966 0.09118022 0.10235257\n",
      "  0.09914896 0.09549627 0.10105462 0.10328601]\n",
      " [0.10753729 0.09624295 0.10310597 0.09964418 0.09337795 0.10528944\n",
      "  0.09605604 0.09787093 0.10254351 0.0983317 ]\n",
      " [0.11042444 0.09244831 0.102165   0.09970998 0.11017065 0.09583961\n",
      "  0.09652661 0.09559036 0.09833374 0.09879132]\n",
      " [0.09343749 0.10002148 0.10526719 0.09800904 0.11079579 0.09337883\n",
      "  0.08685521 0.10314147 0.09567998 0.11341342]\n",
      " [0.0927854  0.08492398 0.10801852 0.11686327 0.08874873 0.0952094\n",
      "  0.10569288 0.10471261 0.11047733 0.09256794]\n",
      " [0.10934515 0.10220741 0.11860442 0.09612785 0.09922758 0.08555045\n",
      "  0.0999534  0.09714784 0.10369992 0.08813593]\n",
      " [0.09984597 0.08568386 0.11430229 0.09755984 0.09857067 0.10233326\n",
      "  0.09806659 0.10169213 0.10285023 0.09909511]\n",
      " [0.09443898 0.09587814 0.10451985 0.10174198 0.09704278 0.10578094\n",
      "  0.09146602 0.10859143 0.1047221  0.0958178 ]\n",
      " [0.10094532 0.09157895 0.11192058 0.09708849 0.10362164 0.09742442\n",
      "  0.10528181 0.09456226 0.10350937 0.09406715]\n",
      " [0.11469461 0.08905296 0.1072361  0.10267439 0.10436373 0.09602522\n",
      "  0.09658585 0.09674764 0.09379664 0.09882282]\n",
      " [0.10718883 0.10016268 0.10374865 0.10245331 0.08625793 0.09692951\n",
      "  0.10089675 0.0979277  0.11349653 0.09093817]\n",
      " [0.10333871 0.10242068 0.09697838 0.0964111  0.09749516 0.10085307\n",
      "  0.09780598 0.09646699 0.10718022 0.10104967]\n",
      " [0.10539033 0.10068426 0.10297069 0.09987848 0.09129368 0.09869705\n",
      "  0.09859695 0.09857897 0.10050026 0.10340925]\n",
      " [0.10215555 0.09645077 0.10050374 0.10243404 0.09635765 0.10364892\n",
      "  0.09713904 0.1040156  0.10150639 0.09578826]\n",
      " [0.10981087 0.09618477 0.09568778 0.10413691 0.09236555 0.10217518\n",
      "  0.08787936 0.09754466 0.11653303 0.09768192]\n",
      " [0.10432699 0.09572244 0.10979856 0.09679062 0.09245465 0.10513625\n",
      "  0.09366025 0.10080016 0.10752015 0.09379   ]\n",
      " [0.1034147  0.10461716 0.10738754 0.10268145 0.09099384 0.09150779\n",
      "  0.10785192 0.09711887 0.10720742 0.08721934]\n",
      " [0.09904092 0.09122796 0.10772385 0.10000575 0.09975361 0.10164019\n",
      "  0.09403209 0.10182008 0.10193713 0.10281835]]\n"
     ]
    },
    {
     "name": "stdout",
     "output_type": "stream",
     "text": [
      "INFO:tensorflow:loss = 2.3033838, step = 2\n",
      "INFO:tensorflow:probabilities = [[0.09954388 0.0938283  0.10746527 0.10072529 0.09537387 0.10144209\n",
      "  0.09396847 0.10528424 0.10539259 0.09697599]\n",
      " [0.09898101 0.09498455 0.11112022 0.11097983 0.09421773 0.08929006\n",
      "  0.08796988 0.10092793 0.10438555 0.10714319]\n",
      " [0.09520119 0.09755535 0.09759527 0.11416289 0.09890528 0.09364334\n",
      "  0.09603503 0.09871943 0.11025222 0.09793002]\n",
      " [0.09855692 0.09220112 0.10206963 0.10811982 0.0897681  0.10127596\n",
      "  0.09627296 0.10274785 0.11706985 0.09191781]\n",
      " [0.09949988 0.09463929 0.09990048 0.10085754 0.09298375 0.10690715\n",
      "  0.10058543 0.10014342 0.10718596 0.09729708]\n",
      " [0.10277797 0.09571213 0.10310189 0.09993488 0.09854323 0.09919512\n",
      "  0.09436031 0.10348648 0.10322639 0.09966156]\n",
      " [0.10616305 0.09027036 0.09714372 0.11097218 0.08575755 0.10238502\n",
      "  0.09538128 0.1034788  0.11046958 0.09797849]\n",
      " [0.09931001 0.09479819 0.11715566 0.1094886  0.1056952  0.09985279\n",
      "  0.08402071 0.1020164  0.09642918 0.09123322]\n",
      " [0.10203446 0.09467215 0.10439369 0.10581331 0.1034311  0.09676988\n",
      "  0.08755366 0.1076465  0.10165359 0.0960317 ]\n",
      " [0.09881049 0.10097082 0.1046081  0.10504893 0.10590303 0.0928785\n",
      "  0.08734915 0.09908187 0.10717487 0.0981743 ]\n",
      " [0.10496861 0.0952199  0.10241314 0.10693161 0.09777571 0.09926028\n",
      "  0.09109477 0.09316026 0.10865723 0.10051845]\n",
      " [0.10323485 0.09430081 0.11329281 0.10238729 0.09035635 0.09093499\n",
      "  0.09242937 0.10382744 0.10762754 0.10160854]\n",
      " [0.10797525 0.09104148 0.11362492 0.10248966 0.09868608 0.09915891\n",
      "  0.09889928 0.10275831 0.09819225 0.08717378]\n",
      " [0.10439999 0.09110194 0.10747199 0.10477692 0.09515776 0.10009353\n",
      "  0.09456893 0.10580683 0.10296465 0.09365742]\n",
      " [0.10197072 0.1078845  0.09876756 0.10499823 0.10076273 0.10242757\n",
      "  0.08726656 0.09571542 0.10224964 0.09795702]\n",
      " [0.10241812 0.09697554 0.10474604 0.11064874 0.09620529 0.0847119\n",
      "  0.09922565 0.10203898 0.11296479 0.09006495]\n",
      " [0.09867211 0.09659494 0.10092158 0.11312623 0.08593881 0.0979396\n",
      "  0.09409041 0.1015882  0.10948967 0.10163843]\n",
      " [0.09715383 0.10086192 0.09580351 0.10606487 0.1006471  0.0964781\n",
      "  0.10249224 0.10595658 0.10989062 0.08465125]\n",
      " [0.10501479 0.0987813  0.10420281 0.09558881 0.09622495 0.09700809\n",
      "  0.09548251 0.10613652 0.10431392 0.09724633]\n",
      " [0.10293805 0.09405595 0.10514054 0.09667472 0.09360861 0.09790341\n",
      "  0.09625574 0.10327558 0.11649924 0.09364814]\n",
      " [0.10253513 0.10012576 0.09507015 0.10600808 0.08706185 0.0971993\n",
      "  0.09808728 0.10983101 0.11269666 0.09138475]\n",
      " [0.10312081 0.09497994 0.1093933  0.09940481 0.09510189 0.09502075\n",
      "  0.09804899 0.09546319 0.10477591 0.10469043]\n",
      " [0.10371708 0.10157291 0.1082195  0.10642345 0.09311327 0.09610325\n",
      "  0.0974373  0.10366528 0.10102549 0.0887224 ]\n",
      " [0.10731811 0.09353783 0.09933747 0.10341243 0.08746607 0.10076512\n",
      "  0.09896709 0.10359289 0.11519577 0.09040722]\n",
      " [0.09949613 0.09526753 0.09638461 0.10437182 0.09724947 0.10186439\n",
      "  0.0979064  0.10050014 0.10808133 0.0988782 ]\n",
      " [0.1113792  0.09230137 0.09784151 0.09286511 0.09504319 0.09377383\n",
      "  0.10005961 0.10357107 0.11075351 0.10241156]\n",
      " [0.10049905 0.09409145 0.1001095  0.10212784 0.09820696 0.09902235\n",
      "  0.10087802 0.10447682 0.1010929  0.09949508]\n",
      " [0.10567938 0.10168824 0.11260528 0.0936622  0.0911789  0.09703778\n",
      "  0.09879217 0.10044413 0.10244694 0.09646501]\n",
      " [0.10697913 0.09978386 0.09755532 0.10735551 0.0924033  0.09583412\n",
      "  0.09772402 0.09968285 0.10276565 0.09991623]\n",
      " [0.10416003 0.09771812 0.10995489 0.09551579 0.0943033  0.09999058\n",
      "  0.0987416  0.09886707 0.1077946  0.09295403]\n",
      " [0.10266919 0.10205534 0.10657004 0.10159494 0.09416045 0.0901103\n",
      "  0.09909433 0.09907265 0.11062786 0.09404487]\n",
      " [0.10339703 0.09401004 0.10637493 0.10567218 0.09602968 0.1008284\n",
      "  0.09297796 0.1036827  0.107231   0.08979609]\n",
      " [0.09857846 0.09884574 0.10168606 0.1091189  0.09673174 0.10807531\n",
      "  0.0935784  0.09725329 0.10458343 0.09154867]\n",
      " [0.10735721 0.09458339 0.11038702 0.10959569 0.09755088 0.093899\n",
      "  0.09666961 0.09759723 0.09840436 0.09395561]\n",
      " [0.09754343 0.09688416 0.11307967 0.10344558 0.09381748 0.08957451\n",
      "  0.08870558 0.10272864 0.10680221 0.10741873]\n",
      " [0.09906205 0.09609915 0.1067232  0.09899006 0.09619164 0.10141573\n",
      "  0.09862519 0.09937254 0.10378897 0.09973148]\n",
      " [0.11067986 0.09571735 0.11456636 0.09830227 0.09124421 0.10031384\n",
      "  0.10019224 0.09718017 0.09600862 0.09579513]\n",
      " [0.1099204  0.08940252 0.10756634 0.10322861 0.10062873 0.09058078\n",
      "  0.09652616 0.09454309 0.11012845 0.0974749 ]\n",
      " [0.09443808 0.09331638 0.11668969 0.11057993 0.09758718 0.09828557\n",
      "  0.09610122 0.10116026 0.0957927  0.09604903]\n",
      " [0.10553753 0.08848199 0.10431826 0.10268465 0.09470014 0.09984127\n",
      "  0.1041804  0.10077595 0.09872264 0.10075714]\n",
      " [0.10023966 0.10681588 0.11203013 0.10411319 0.09251279 0.10443392\n",
      "  0.09687937 0.09217122 0.10252486 0.088279  ]\n",
      " [0.11280289 0.0898286  0.09429535 0.09205302 0.09737018 0.11104589\n",
      "  0.09764457 0.09346229 0.1082004  0.10329681]\n",
      " [0.1033961  0.09852685 0.1010617  0.10574548 0.09315337 0.09722846\n",
      "  0.1024638  0.10372287 0.10379617 0.0909052 ]\n",
      " [0.0991301  0.09407172 0.09945995 0.10292499 0.08670954 0.1084886\n",
      "  0.09337388 0.10842638 0.10484518 0.10256969]\n",
      " [0.11356457 0.09535989 0.10040779 0.10988204 0.09313909 0.09928373\n",
      "  0.09118976 0.10239301 0.09831449 0.09646564]\n",
      " [0.10814145 0.09396567 0.10430868 0.09196392 0.09664173 0.1059856\n",
      "  0.09079921 0.11014324 0.10681516 0.09123535]\n",
      " [0.09917132 0.09762628 0.11354941 0.09637807 0.09878365 0.09819432\n",
      "  0.09851846 0.09679557 0.10593481 0.09504811]\n",
      " [0.10011376 0.0920139  0.10935382 0.10053875 0.09841185 0.10538127\n",
      "  0.09963506 0.10960276 0.09423469 0.09071413]\n",
      " [0.09944703 0.0991202  0.10551575 0.09969967 0.10293977 0.0982537\n",
      "  0.097901   0.08962    0.10959062 0.09791221]\n",
      " [0.09921478 0.09564872 0.10262233 0.10335565 0.09450911 0.09397519\n",
      "  0.10264812 0.10646261 0.10855573 0.09300781]\n",
      " [0.11004799 0.09032862 0.10740571 0.09815421 0.09339951 0.10569786\n",
      "  0.09801426 0.09849767 0.10149666 0.09695756]\n",
      " [0.10546621 0.09531142 0.10828765 0.09923988 0.09207719 0.09483736\n",
      "  0.09866671 0.10247903 0.10380448 0.09983003]\n",
      " [0.10146992 0.10114738 0.10552722 0.10510998 0.09463412 0.09916239\n",
      "  0.10102912 0.09147096 0.09783322 0.10261564]\n",
      " [0.10254905 0.08908728 0.10783156 0.10156661 0.09556838 0.10581562\n",
      "  0.0972741  0.1018538  0.10330399 0.09514962]\n",
      " [0.1096003  0.09243982 0.10371021 0.10401952 0.09858805 0.09950994\n",
      "  0.09868571 0.09580253 0.09998511 0.09765886]\n",
      " [0.10817795 0.09915022 0.09175172 0.10462317 0.09701575 0.10787878\n",
      "  0.09494811 0.09928729 0.10237144 0.09479557]\n",
      " [0.10339724 0.0924781  0.10317925 0.09671786 0.08821616 0.10957692\n",
      "  0.10153224 0.10157134 0.11234555 0.09098538]\n",
      " [0.10178076 0.09904157 0.1025531  0.09451001 0.0973419  0.09873992\n",
      "  0.09976207 0.10027837 0.10443339 0.10155887]\n",
      " [0.10737304 0.09823342 0.10811517 0.10194132 0.09954996 0.0901181\n",
      "  0.10657579 0.09385374 0.09342849 0.10081093]\n",
      " [0.10168324 0.09326108 0.09760579 0.11008023 0.09287985 0.09774508\n",
      "  0.09925555 0.1023536  0.10464242 0.10049312]\n",
      " [0.09507628 0.10216688 0.10554145 0.10312063 0.09381044 0.09483147\n",
      "  0.09896499 0.10344205 0.11047039 0.09257539]\n",
      " [0.09850349 0.10431656 0.09496011 0.11114717 0.0996149  0.09959229\n",
      "  0.09946454 0.09751052 0.10298268 0.09190772]\n",
      " [0.09941884 0.08212841 0.10881236 0.09525081 0.09254543 0.09888012\n",
      "  0.09521382 0.10799163 0.12007838 0.09968016]\n",
      " [0.10746115 0.09463952 0.1084289  0.09270246 0.1074806  0.10418487\n",
      "  0.09452423 0.0947173  0.10165695 0.09420402]\n",
      " [0.10457022 0.10094235 0.10387884 0.09740808 0.10928422 0.0957601\n",
      "  0.09792101 0.10015488 0.09749235 0.09258793]\n",
      " [0.0985689  0.10194942 0.1069658  0.09949923 0.09516478 0.09767556\n",
      "  0.09455242 0.09668371 0.11280911 0.09613109]\n",
      " [0.09816892 0.09478604 0.1032097  0.10362448 0.10234525 0.10017322\n",
      "  0.09842382 0.0973487  0.10318188 0.09873802]\n",
      " [0.10123719 0.09776244 0.10408898 0.10070493 0.09683121 0.0981926\n",
      "  0.10082946 0.10222347 0.10084353 0.09728621]\n",
      " [0.10451297 0.10051817 0.10338181 0.10401204 0.10236396 0.09499094\n",
      "  0.08947556 0.09892701 0.10056568 0.10125189]\n",
      " [0.10656852 0.09508805 0.10131041 0.10277    0.09132526 0.09815454\n",
      "  0.10610607 0.09616282 0.10622622 0.09628814]\n",
      " [0.09254764 0.10443091 0.10592347 0.10147998 0.10453412 0.1020451\n",
      "  0.09298089 0.10252513 0.10664522 0.08688754]\n",
      " [0.09735126 0.10405169 0.10098628 0.1011146  0.09709425 0.09847949\n",
      "  0.10633291 0.10632246 0.09631003 0.09195709]\n",
      " [0.09507241 0.10051652 0.1016682  0.09531511 0.10142352 0.09996109\n",
      "  0.10324681 0.1043374  0.1040985  0.09436046]\n",
      " [0.1026578  0.09537174 0.10130466 0.10806888 0.09250487 0.1004978\n",
      "  0.09986382 0.09873702 0.10882779 0.0921656 ]\n",
      " [0.09752648 0.09746581 0.10475091 0.10027593 0.09644032 0.09618513\n",
      "  0.10637046 0.09577307 0.10044935 0.10476249]\n",
      " [0.10664681 0.08944279 0.10536402 0.10146516 0.09407657 0.09660601\n",
      "  0.09821515 0.10637436 0.11004388 0.09176517]\n",
      " [0.10273915 0.10319589 0.10474297 0.09382119 0.09115314 0.0979507\n",
      "  0.10039433 0.10148405 0.11445644 0.09006213]\n",
      " [0.09566177 0.10160481 0.10240653 0.10281239 0.1033134  0.09994455\n",
      "  0.09760933 0.09668352 0.10633986 0.09362382]\n",
      " [0.10237662 0.09975281 0.10206303 0.10023749 0.09719617 0.09897449\n",
      "  0.10346851 0.10168666 0.10021601 0.09402821]\n",
      " [0.10382649 0.09395681 0.10010377 0.10614869 0.10047781 0.09775649\n",
      "  0.08896784 0.10230715 0.10551777 0.10093729]\n",
      " [0.09826903 0.10027098 0.10262501 0.0979833  0.09554808 0.11344339\n",
      "  0.09255263 0.09575345 0.11148161 0.09207246]\n",
      " [0.09722584 0.09672226 0.10538549 0.10452522 0.09760103 0.1096525\n",
      "  0.08801545 0.09339356 0.10852682 0.09895184]\n",
      " [0.10414115 0.09296349 0.1050469  0.09862511 0.10755707 0.10230469\n",
      "  0.09549979 0.09786429 0.10200918 0.09398841]\n",
      " [0.10181002 0.09259309 0.09938355 0.0975312  0.09420811 0.10553621\n",
      "  0.09182811 0.10213462 0.11338866 0.10158639]\n",
      " [0.10222117 0.09873993 0.10767614 0.09362097 0.09418865 0.1091653\n",
      "  0.09846386 0.09233118 0.10462927 0.09896358]\n",
      " [0.10268433 0.09471668 0.10749282 0.09733229 0.09540919 0.09860795\n",
      "  0.09808256 0.10031318 0.1066324  0.09872856]\n",
      " [0.10135572 0.11280102 0.10451064 0.10193004 0.09645074 0.09333838\n",
      "  0.09374156 0.09502829 0.10132799 0.09951565]\n",
      " [0.10747989 0.09360337 0.10293384 0.10380142 0.10180786 0.09770288\n",
      "  0.09556352 0.10018533 0.10023643 0.09668549]\n",
      " [0.10139557 0.09694294 0.10457937 0.09918758 0.09600698 0.10177156\n",
      "  0.10338542 0.10017758 0.10050722 0.0960458 ]\n",
      " [0.09185195 0.09429073 0.109567   0.09953594 0.09672695 0.09781311\n",
      "  0.1043452  0.09806065 0.10761555 0.10019297]\n",
      " [0.10226739 0.10019176 0.09658133 0.1061293  0.09579396 0.10020951\n",
      "  0.09720957 0.09828299 0.11324853 0.09008572]\n",
      " [0.10191184 0.0873204  0.10685083 0.09826189 0.1011076  0.10210419\n",
      "  0.09068835 0.10018207 0.10743644 0.10413647]\n",
      " [0.11090388 0.09122798 0.10087632 0.09789727 0.09348607 0.10559926\n",
      "  0.0979391  0.103985   0.10303583 0.09504934]\n",
      " [0.09852476 0.10497937 0.10395425 0.10460682 0.09892392 0.099228\n",
      "  0.10125798 0.09084564 0.10064089 0.09703834]\n",
      " [0.10192017 0.10731343 0.108915   0.09229251 0.10288473 0.10270894\n",
      "  0.09066854 0.09292286 0.10601499 0.09435882]\n",
      " [0.10482015 0.09291916 0.10041096 0.09868336 0.10188034 0.09269622\n",
      "  0.08903629 0.11703197 0.10781693 0.09470459]\n",
      " [0.09611198 0.10580644 0.11439504 0.09863088 0.09945375 0.0945634\n",
      "  0.08970597 0.09755131 0.10362697 0.10015428]\n",
      " [0.10720975 0.09665491 0.10008208 0.09581089 0.09025542 0.09749996\n",
      "  0.09910308 0.1025142  0.11028733 0.10058247]\n",
      " [0.10328034 0.09949272 0.10234459 0.10706691 0.09687567 0.09474047\n",
      "  0.10434591 0.08990949 0.10525638 0.09668749]\n",
      " [0.10319917 0.09645724 0.10684025 0.09735295 0.09879988 0.10608647\n",
      "  0.09722862 0.09547643 0.10317539 0.09538355]] (0.481 sec)\n"
     ]
    },
    {
     "name": "stdout",
     "output_type": "stream",
     "text": [
      "INFO:tensorflow:global_step/sec: 110.442\n",
      "INFO:tensorflow:probabilities = [[0.10933682 0.08514451 0.10253329 0.10646157 0.10364604 0.09575026\n",
      "  0.09846413 0.10242325 0.10257499 0.09366506]\n",
      " [0.10259476 0.09550782 0.10363806 0.10675281 0.09724388 0.09700891\n",
      "  0.09852328 0.10567681 0.097628   0.09542566]\n",
      " [0.10100304 0.09836846 0.09831278 0.10323804 0.09093868 0.10762361\n",
      "  0.09316021 0.10266931 0.10473006 0.09995583]\n",
      " [0.10888515 0.09386176 0.10356206 0.09141082 0.09969694 0.10326715\n",
      "  0.09510308 0.10303063 0.10276616 0.09841631]\n",
      " [0.10587806 0.09738699 0.10480833 0.10340384 0.09233491 0.09850638\n",
      "  0.09682733 0.09950382 0.10213576 0.09921461]\n",
      " [0.09642174 0.09827429 0.10566873 0.09953231 0.09716991 0.09428171\n",
      "  0.09563468 0.10655258 0.11038192 0.09608216]\n",
      " [0.09985986 0.09603426 0.10180496 0.09920003 0.09328186 0.09739505\n",
      "  0.09355319 0.10911755 0.10225794 0.10749526]\n",
      " [0.10573959 0.09689183 0.10103311 0.09995461 0.10226015 0.10235824\n",
      "  0.09594306 0.10311534 0.10414901 0.08855509]\n",
      " [0.10726958 0.09282532 0.10225301 0.10751496 0.09837475 0.09690771\n",
      "  0.09180527 0.10464821 0.09884503 0.09955614]\n",
      " [0.10496545 0.09415191 0.0935529  0.10027467 0.0926713  0.10457274\n",
      "  0.10086366 0.09840661 0.11664096 0.09389982]\n",
      " [0.10524173 0.09404065 0.09557196 0.10578185 0.09841509 0.09749492\n",
      "  0.09326062 0.10316793 0.09872414 0.10830114]\n",
      " [0.1030113  0.1021113  0.10435864 0.09435956 0.09372599 0.10820948\n",
      "  0.1019812  0.1016229  0.09238743 0.09823221]\n",
      " [0.10247368 0.09511502 0.115086   0.09956577 0.10530385 0.08921251\n",
      "  0.09930918 0.09192751 0.11017224 0.09183417]\n",
      " [0.1169501  0.09516849 0.10762314 0.1017921  0.08341641 0.10724107\n",
      "  0.0980904  0.09726928 0.09959574 0.09285329]\n",
      " [0.09930599 0.09634773 0.09935935 0.10459548 0.09818215 0.0949525\n",
      "  0.1010495  0.10024697 0.10462374 0.10133661]\n",
      " [0.10958006 0.10358843 0.10028004 0.10635552 0.08836957 0.1002248\n",
      "  0.0942795  0.10098681 0.10547836 0.09085692]\n",
      " [0.09982853 0.09099226 0.10954457 0.11307967 0.0942474  0.0927962\n",
      "  0.09543323 0.10773263 0.09886435 0.09748118]\n",
      " [0.11001077 0.09344842 0.10514595 0.1092051  0.10084745 0.10244822\n",
      "  0.09251632 0.09197186 0.09925349 0.0951525 ]\n",
      " [0.09922319 0.09591128 0.1030362  0.10219049 0.09529677 0.099935\n",
      "  0.09847791 0.10454007 0.10617805 0.095211  ]\n",
      " [0.10581076 0.08876526 0.10229652 0.10425203 0.10441314 0.10378769\n",
      "  0.09970666 0.09926544 0.09556495 0.09613758]\n",
      " [0.1050804  0.09331819 0.11205698 0.10718414 0.10147557 0.09350251\n",
      "  0.09665214 0.09259921 0.10866251 0.08946835]\n",
      " [0.10923298 0.09261439 0.10388637 0.09972181 0.0979441  0.10245076\n",
      "  0.09640937 0.09654433 0.10326191 0.09793403]\n",
      " [0.10165707 0.09977051 0.10756606 0.10319513 0.10174591 0.10163387\n",
      "  0.09225539 0.09152261 0.09779858 0.10285487]\n",
      " [0.10342541 0.10105356 0.09993944 0.10372528 0.09711743 0.09446105\n",
      "  0.09460717 0.1051516  0.10247742 0.0980416 ]\n",
      " [0.10345803 0.09092587 0.10240401 0.10791552 0.09081391 0.09926363\n",
      "  0.10803703 0.09298369 0.10053768 0.10366062]\n",
      " [0.10204264 0.09835098 0.09862935 0.09752465 0.10029722 0.11129962\n",
      "  0.09527772 0.09523029 0.10644951 0.09489796]\n",
      " [0.10292818 0.10221712 0.09674861 0.10317524 0.0877159  0.1057071\n",
      "  0.10742632 0.09342059 0.10206892 0.098592  ]\n",
      " [0.1061638  0.09121601 0.10962497 0.09460666 0.09772509 0.09787344\n",
      "  0.09623934 0.09977394 0.10534107 0.10143562]\n",
      " [0.0952733  0.09889819 0.10763354 0.10871238 0.08846727 0.0927899\n",
      "  0.09906887 0.09914971 0.11439373 0.09561305]\n",
      " [0.10042261 0.10052405 0.10493389 0.10086956 0.10318553 0.10379381\n",
      "  0.09811604 0.09809465 0.09964723 0.09041261]\n",
      " [0.10457011 0.09723819 0.10106696 0.10610706 0.09913325 0.09677308\n",
      "  0.09409972 0.1043541  0.09960733 0.0970502 ]\n",
      " [0.10108046 0.1034405  0.09631023 0.1119644  0.09297922 0.093291\n",
      "  0.09947871 0.1050384  0.10839302 0.08802406]\n",
      " [0.10196959 0.10517247 0.11029509 0.10570263 0.09127263 0.09759412\n",
      "  0.09408651 0.0984187  0.10100093 0.09448734]\n",
      " [0.10144789 0.09087647 0.09695844 0.10812237 0.09453085 0.09695262\n",
      "  0.09962733 0.09580214 0.11354966 0.10213231]\n",
      " [0.1064202  0.09808885 0.10208517 0.10757018 0.09759491 0.10294763\n",
      "  0.09860795 0.09830707 0.09539729 0.09298071]\n",
      " [0.10094438 0.09521354 0.0987597  0.10214718 0.09408813 0.09101448\n",
      "  0.10172353 0.10407422 0.11738543 0.09464936]\n",
      " [0.09479463 0.10043307 0.10427326 0.09792159 0.10580758 0.09208328\n",
      "  0.0994872  0.1057195  0.09663756 0.10284239]\n",
      " [0.10714749 0.09447407 0.10628399 0.10783782 0.09544192 0.098464\n",
      "  0.09267891 0.10165501 0.09620668 0.09981009]\n",
      " [0.09819491 0.09994008 0.10582425 0.10488622 0.09594824 0.09612129\n",
      "  0.08888292 0.09182615 0.11315023 0.10522567]\n",
      " [0.10304485 0.09497152 0.11239774 0.10543819 0.098998   0.0977172\n",
      "  0.0958557  0.09687568 0.09787875 0.09682235]\n",
      " [0.09533712 0.09453455 0.10419334 0.10031547 0.10236777 0.09594575\n",
      "  0.0969838  0.09935082 0.10449444 0.10647696]\n",
      " [0.10647613 0.09375829 0.09848908 0.1007036  0.09349492 0.09893536\n",
      "  0.09813643 0.10680204 0.10431767 0.09888647]\n",
      " [0.09857862 0.09730539 0.1081683  0.09817798 0.10116955 0.09952255\n",
      "  0.09815791 0.10483481 0.10748468 0.08660013]\n",
      " [0.09342826 0.09446165 0.10278388 0.1094588  0.10072536 0.10028253\n",
      "  0.10046431 0.09757936 0.11091555 0.08990034]\n",
      " [0.10453547 0.09522551 0.10401709 0.10282081 0.09159205 0.09883896\n",
      "  0.08653458 0.10185551 0.12367396 0.09090605]\n",
      " [0.09934251 0.09861654 0.10815251 0.09597339 0.09806052 0.10270951\n",
